6948614858
6961468264
6954079694
6948370923
6952746354
6952546361
6947133572
6952685274
6951808258
6957567858
6953966273
6964155494
6957176640
6946095630
6950227754
6948245684
6952316831
6948205611
6965694405
6965692547
6950078481
6959265292
6961746206
6958200705
6955930407
6951358800
6959207299
6955926153
6960538009
6969098350
6960196296
6963271331
6963887526
6967420476
6962679319
6956987959
6949177313
6967735382
6961079381
6959525947
6944986585
6962260421
6961919479
6960985705
6946839004
6953342128
6946306192
6958587250
6964812415
6963070885
6944690372
6961674613
6955235860
6965846524
6946054312
6954653852
6953777656
6951182543
6957983825
6954810032
6961853667
6946988030
6955697680
6951954294
6969309982
6965818032
6961621482
6966834834
6964907003
6960094415
6950507850
6950369113
6957165707
6961147948
6954405058
6954184844
6969771195
6964334382
6964096193
6967221980
6963472606
6959227760
6964187243
6954904835
6951089371
6958854672
6960924007
6962164961
6945163665
6948462122
6968326810
6950887484
6944194787
6947968584
6965405126
6964775616
6954098969
6961735424
6948758972
6955444815
6959455149
6967350656
6955322614
6964542136
6958297700
6955629356
6964381909
6951883640
6950086759
6962814311
6949864149
6956866219
6953525642
6965076189
6958877548
6969988541
6945843079
6957715862
6954139773
6953113820
6950397329
6946855260
6967445081
6953653327
6969709522
6967786807
6955176015
6951265216
6952139753
6947697325
6951929996
6957736077
6961103811
6965593593
6966141083
6952966953
6964912674
6952736407
6961017218
6949493974
6965024088
6944970502
6968536161
6958166951
6958630681
6957432298
6960875302
6957035978
6958191035
6969290783
6958321969
6963112289
6952367753
6953981404
6969855957
6967063436
6950757193
6962593214
6949720942
6968993056
6958965350
6949066533
6962953529
6961429611
6967503751
6952413338
6961810463
6952558374
6946259573
6962335486
6947460315
6956437345
6955597702
6962530329
6967623575
6962390119
6955234361
6968526500
6967780995
6946023453
6965843176
6948947229
6960896914
6948060987
6960780800
6963208768
6944870406
6947279288
6953691771
6956094283
6947092062
6960086297
6947719197
6951516975
6957531584
6969211184
6963238579
6957054322
6952077216
6956907738
